Zeit(s)	Hoehe(m)	Distanz (m)	x-Versatz (m)	y-Versatz(m)	Groundspeed (kt)	Gleitzahl	Sinkgeschwindigkeit (m/s)	Breite	Laenge
0	4496	0	0	0	162	0	0	47,0798994826644	15,1528365346801
0	4496	37	-10	36	145	0	4,9	47,0801935869378	15,1527155739544
1	4494	71	-20	69	132	27	9,8	47,0804638337502	15,1526073525747
2	4489	103	-28	99	121	12	14,6	47,0807139550522	15,1525098567795
2	4481	131	-35	127	112	8	19,2	47,0809468184246	15,1524215263161
2	4472	158	-42	153	104	5	23,7	47,0811646730217	15,1523411252042
3	4460	183	-48	177	97	4	27,9	47,0813693330522	15,1522676472996
4	4446	207	-53	200	91	3	31,9	47,081562275463	15,1522002700169
4	4430	229	-59	221	86	3	35,6	47,0817447271424	15,1521383148412
4	4412	250	-63	241	81	2	38,9	47,0819177265065	15,1520812033036
5	4393	269	-68	261	77	2	42	47,0820821526603	15,1520284771369
6	4372	288	-72	279	73	2	44,8	47,0822387503321	15,1519797583043
6	4349	306	-75	296	69	2	47,2	47,082388115712	15,1519347551306
6	4326	323	-79	313	66	1	49,4	47,0825307150971	15,1518932267059
7	4301	339	-82	329	63	1	51,3	47,0826669550524	15,1518549791349
8	4275	354	-85	344	60	1	53	47,082797222395	15,1518197972316
8	4249	369	-87	359	57	1	54,4	47,0829219452505	15,1517874154793
8	4222	383	-90	372	55	1	55,7	47,0830415363806	15,1517575714172
9	4194	397	-92	386	52	1	56,7	47,0831563894363	15,1517300200517
10	4166	409	-94	399	50	1	57,6	47,083266872858	15,1517045637088
10	4137	422	-96	411	48	1	58,4	47,0833733380465	15,1516810281791
10	4108	434	-98	423	47	1	59	47,0834760829198	15,1516592478117
11	4078	445	-100	434	45	1	59,6	47,083575336047	15,151639093958
12	4048	456	-101	445	43	1	60	47,0836712380279	15,1516204444761
12	4018	467	-103	456	42	1	60,4	47,0837638953658	15,1516031924837
12	3988	478	-104	466	40	1	60,7	47,0838533923994	15,1515872333566
13	3958	488	-105	476	39	1	60,9	47,0839398280087	15,1515724933929
14	3927	497	-106	486	38	1	61,1	47,0840233519707	15,1515589310401
14	3897	506	-107	495	36	1	61,2	47,0841041445764	15,1515465520253
14	3866	515	-108	504	35	1	61,3	47,084182365845	15,1515353744751
15	3835	524	-109	513	34	1	61,4	47,0842581434135	15,1515254345143
16	3805	533	-110	521	33	1	61,4	47,0843315720016	15,151516786743
16	3774	541	-110	529	32	1	61,4	47,0844027249226	15,1515094703456
16	3743	549	-111	537	31	1	61,4	47,0844716756854	15,151503506269
17	3713	556	-111	545	30	0	61,4	47,0845385358634	15,1514988895599
18	3682	564	-112	552	29	0	61,4	47,0846034176367	15,1514955742931
18	3651	571	-112	560	28	0	61,3	47,0846664070463	15,1514935013454
18	3621	578	-112	567	27	0	61,3	47,0847275351582	15,1514926091637
19	3590	584	-112	573	26	0	61,2	47,0847868392394	15,1514928357923
20	3559	591	-112	580	26	0	61,2	47,0848444154595	15,1514941090545
20	3529	597	-112	586	25	0	61,1	47,0849003585077	15,1514963532689
20	3498	603	-112	593	24	0	61	47,0849547893038	15,1514995053899
21	3468	609	-112	599	24	0	61	47,0850078031979	15,1515035289736
22	3437	615	-111	605	23	0	60,9	47,0850594663724	15,1515083901711
22	3407	620	-111	610	22	0	60,8	47,0851098510672	15,1515140546736
22	3376	626	-111	616	22	0	60,8	47,0851590080124	15,1515204872179
23	3346	631	-110	621	21	0	60,7	47,0852069881145	15,1515276642669
24	3316	636	-110	627	21	0	60,6	47,0852538351921	15,1515355743628
24	3285	641	-109	632	20	0	60,5	47,0852995965878	15,1515442320708
24	3255	646	-108	637	20	0	60,4	47,0853443242346	15,1515536319234
25	3225	651	-108	642	20	0	60,3	47,0853880804319	15,1515637544212
26	3195	656	-107	647	19	0	60,2	47,0854309220585	15,1515745701089
26	3165	660	-106	652	19	0	60,1	47,0854728806733	15,1515860519084
26	3134	665	-105	656	18	0	60	47,0855139845167	15,1515981785174
27	3104	669	-104	661	18	0	60	47,085554257499	15,1516109365416
28	3074	673	-103	665	18	0	59,9	47,0855937233178	15,1516243113703
28	3045	678	-102	670	18	0	59,8	47,0856323987444	15,15163828989
28	3015	682	-101	674	17	0	59,7	47,0856702951467	15,1516528592988
29	2985	686	-100	678	17	0	59,6	47,085707440496	15,1516679914131
30	2955	690	-99	682	17	0	59,5	47,0857438481201	15,1516836533179
30	2925	693	-98	687	16	0	59,4	47,0857795194434	15,1516998194814
30	2896	697	-97	691	16	0	59,4	47,0858144543565	15,1517164670161
31	2866	701	-95	694	16	0	59,3	47,0858486470747	15,1517335881783
32	2836	705	-94	698	16	0	59,2	47,0858821041453	15,1517511750003
32	2807	708	-93	702	15	0	59,1	47,0859148566334	15,1517691963828
32	2777	711	-91	706	15	0	59	47,0859469651753	15,1517876046006
33	2748	715	-90	709	15	0	58,9	47,0859784876839	15,1518063655793
34	2718	718	-88	713	15	0	58,8	47,0860094774808	15,151825458671
34	2689	721	-87	716	15	0	58,8	47,0860399793563	15,1518448719014
34	2659	725	-86	720	14	0	58,7	47,0860700350797	15,1518645982439
35	2630	728	-84	723	14	0	58,6	47,0860996703067	15,1518846339339
36	2601	731	-82	726	14	0	58,5	47,0861289147443	15,1519049733306
36	2571	734	-81	729	14	0	58,4	47,0861577990252	15,1519256065005
36	2542	737	-79	733	14	0	58,4	47,0861863395376	15,1519465192814
37	2513	740	-78	736	14	0	58,3	47,0862145529136	15,1519676970557
38	2484	743	-76	739	14	0	58,2	47,0862424572214	15,1519891246061
38	2455	746	-75	742	14	0	58,1	47,0862700649413	15,1520107941368
38	2426	749	-73	745	14	0	58	47,0862973868233	15,1520327006691
39	2397	752	-71	748	13	0	58	47,0863244353531	15,1520548371917
40	2368	754	-70	751	13	0	57,9	47,0863512173909	15,1520771904945
40	2339	757	-68	754	13	0	57,8	47,0863777390439	15,1520997502223
40	2310	760	-66	757	13	0	57,7	47,0864040084868	15,1521225068141
41	2281	763	-64	760	13	0	57,6	47,0864300426082	15,1521454521696
42	2252	766	-63	763	13	0	57,6	47,0864558662139	15,1521685735815
42	2223	768	-61	766	13	0	57,5	47,0864815036269	15,1521918529723
42	2195	771	-59	769	13	0	57,4	47,0864877161138	15,1522318217932
43	2193	771	-56	769	6	2	4	47,0864939199928	15,1522717352393
44	2191	772	-53	770	6	2	4	47,0865001152647	15,1523115933152
44	2189	772	-50	771	6	2	4	47,0865063019303	15,1523513960258
44	2187	773	-47	771	6	2	4	47,0865124799904	15,1523911433759
45	2185	773	-44	772	6	2	4	47,0865186488159	15,1524308313191
46	2183	774	-41	773	6	2	4	47,086524802101	15,1524704192862
46	2181	774	-38	773	6	2	4	47,0865309398476	15,1525099072881
46	2179	775	-35	774	6	2	4	47,0865370620572	15,1525492953357
47	2177	776	-32	775	6	2	4	47,0865431687316	15,1525885834398
48	2175	776	-29	776	6	2	4	47,0865492598725	15,1526277716112
48	2173	777	-26	776	6	2	4	47,0865553354815	15,1526668598609
48	2171	777	-23	777	6	2	4	47,0865614018206	15,1527058884757
49	2169	778	-20	778	6	2	4	47,0865674648072	15,1527448955269
50	2167	778	-17	778	6	2	4	47,0865735244418	15,1527838810162
50	2165	779	-14	779	6	2	4	47,0865795807246	15,1528228449456
50	2163	780	-11	780	6	2	4	47,0865856336558	15,1528617873168
51	2161	780	-8	780	6	2	4	47,0865916832357	15,1529007081316
52	2159	781	-5	781	6	2	3,9	47,0865977294647	15,1529396073918
52	2157	782	-3	782	6	2	3,9	47,0866037723429	15,1529784850992
52	2155	782	0	782	6	2	3,9	47,0866098118708	15,1530173412555
53	2153	783	3	783	6	2	3,9	47,0866158480485	15,1530561758627
54	2151	784	6	784	6	2	3,9	47,0866218808763	15,1530949889225
54	2149	784	9	784	6	2	3,9	47,0866279103546	15,1531337804367
54	2147	785	12	785	6	2	3,9	47,0866339364835	15,153172550407
55	2145	786	15	786	6	2	3,9	47,0866399592635	15,1532112988353
56	2143	787	18	786	6	2	3,9	47,0866459786947	15,1532500257234
56	2141	787	21	787	6	2	3,9	47,0866519947774	15,153288731073
56	2139	788	24	788	6	2	3,9	47,086658010346	15,1533274331197
57	2137	789	27	788	6	2	3,9	47,0866640260435	15,1533661359992
58	2135	790	30	789	6	2	3,9	47,0866700418697	15,1534048397114
58	2133	790	33	790	6	2	3,9	47,0866760578246	15,1534435442563
58	2131	791	36	790	6	2	3,9	47,0866820739083	15,1534822496339
59	2130	792	39	791	6	2	3,9	47,0866880901207	15,153520955844
60	2128	793	42	792	6	2	3,9	47,0866941064618	15,1535596628866
60	2126	794	44	792	6	2	3,9	47,0867001229316	15,1535983707616
60	2124	794	47	793	6	2	3,9	47,0867061395301	15,153637079469
61	2122	795	50	794	6	2	3,9	47,0867121673305	15,1536758602497
62	2120	796	53	794	6	2	3,9	47,0867182113002	15,1537147450623
62	2118	797	56	795	6	2	3,9	47,0867242714375	15,1537537338965
62	2116	798	59	796	6	2	3,9	47,0867303477409	15,1537928267419
63	2114	799	62	796	6	2	3,9	47,0867364402087	15,1538320235882
64	2112	800	65	797	6	2	3,9	47,0867425488393	15,153871324425
64	2110	801	68	798	6	2	3,9	47,0867486736311	15,1539107292419
64	2108	802	71	798	6	2	3,9	47,0867548145825	15,1539502380287
65	2106	803	74	799	6	2	3,9	47,0867609716919	15,1539898507748
66	2104	803	77	800	6	2	3,9	47,0867671449576	15,1540295674701
66	2102	804	80	800	6	2	3,9	47,0867733343781	15,1540693881041
66	2100	805	83	801	6	2	3,9	47,0867795399517	15,1541093126666
67	2098	806	86	802	6	2	3,9	47,0867857616607	15,1541493410434
68	2096	807	89	803	6	2	3,9	47,0867919958107	15,1541894494662
68	2094	808	92	803	6	2	3,9	47,0867982424008	15,1542296379293
68	2092	810	95	804	6	2	3,9	47,0868234867529	15,1543263300883
69	2092	813	103	807	16	4	3,9	47,0868480107033	15,1544263455294
70	2090	817	110	809	16	4	3,9	47,0868725506424	15,1545264262228
70	2088	821	118	812	16	4	3,9	47,0868971065692	15,1546265721649
70	2086	825	125	815	16	4	3,9	47,0869216784829	15,154726783352
71	2084	828	133	818	16	4	3,9	47,0869462663825	15,1548270597805
72	2082	832	141	820	16	4	3,9	47,0869708702671	15,1549274014467
72	2080	836	148	823	16	4	3,9	47,0869954901358	15,1550278083468
72	2078	840	156	826	16	4	3,9	47,0870201259876	15,1551282804774
73	2076	845	163	829	16	4	3,9	47,0870447778217	15,1552288178346
74	2074	849	171	831	16	4	3,9	47,087069445637	15,1553294204149
74	2072	853	179	834	16	4	3,9	47,0870941398299	15,1554301306167
74	2070	857	186	837	16	4	3,9	47,0871188605345	15,1555309489884
75	2068	862	194	840	16	4	3,9	47,0871436077489	15,1556318755215
76	2066	866	202	842	16	4	3,9	47,0871683814709	15,1557329102073
76	2064	871	209	845	16	4	3,9	47,0871931816983	15,1558340530375
76	2062	875	217	848	16	4	3,9	47,087218008429	15,1559353040036
77	2060	880	225	851	16	4	3,9	47,087242861661	15,1560366630969
78	2058	884	232	853	16	4	3,9	47,0872677413921	15,1561381303091
78	2056	889	240	856	16	4	3,9	47,0872926476202	15,1562397056315
78	2054	894	248	859	16	4	3,9	47,0873175803431	15,1563413890559
79	2052	899	255	862	16	4	3,9	47,0873425395588	15,1564431805736
80	2050	904	263	865	16	4	3,9	47,0873675274924	15,1565450892599
80	2048	909	271	867	16	4	3,9	47,0873925495491	15,1566471371584
80	2046	914	278	870	16	4	3,9	47,0874176057257	15,1567493242573
81	2045	919	286	873	16	4	3,9	47,0874426960194	15,1568516505446
82	2043	924	294	876	16	4	3,9	47,0874678204272	15,1569541160084
82	2041	929	302	878	17	4	3,9	47,0874929789461	15,1570567206369
82	2039	934	310	881	17	4	3,9	47,0875181715732	15,157159464418
83	2037	939	317	884	17	4	3,9	47,0875433983054	15,1572623473398
84	2035	945	325	887	17	4	3,9	47,0875686543842	15,1573653499954
84	2033	950	333	890	17	4	3,9	47,0875939373266	15,1574684622585
84	2031	955	341	892	17	4	3,9	47,0876192471306	15,1575716841215
85	2029	961	349	895	17	4	3,9	47,0876445837945	15,1576750155771
86	2027	966	356	898	17	4	3,9	47,0876699473164	15,1577784566178
86	2025	972	364	901	17	4	3,9	47,0876953376944	15,1578820072364
86	2023	977	372	904	17	4	3,9	47,0877207549267	15,1579856674252
87	2021	983	380	907	17	4	3,9	47,0877461990114	15,158089437177
88	2019	989	388	909	17	4	3,9	47,0877716699467	15,1581933164843
88	2017	994	396	912	17	4	3,9	47,0877971677308	15,1582973053398
88	2015	1000	404	915	17	4	3,9	47,0878226923616	15,158401403736
89	2013	1006	411	918	17	4	3,9	47,0878482438375	15,1585056116656
90	2011	1012	419	921	17	4	3,9	47,0878738196836	15,1586099190355
90	2009	1018	427	924	17	4	3,9	47,0878994166353	15,1587143125316
90	2007	1024	435	927	17	4	3,9	47,0879250346911	15,1588187921479
91	2005	1030	443	929	17	4	3,9	47,0879506738494	15,1589233578781
92	2003	1036	451	932	17	4	3,9	47,0879763341086	15,1590280097161
92	2001	1042	459	935	17	4	3,9	47,0880020154673	15,1591327476557
92	1999	1048	467	938	17	4	3,9	47,0880277179239	15,1592375716908
93	1997	1054	475	941	17	4	3,9	47,0880534414768	15,1593424818152
94	1995	1060	483	944	17	4	3,9	47,0880791861246	15,1594474780227
94	1994	1066	491	947	17	4	3,9	47,0881049518656	15,1595525603073
94	1992	1072	499	949	17	4	3,9	47,0881307359727	15,1596577175465
95	1990	1079	507	952	17	4	3,9	47,0881565294798	15,1597629131731
96	1988	1085	515	955	17	4	3,9	47,0881823323863	15,159868147185
96	1986	1091	523	958	17	4	3,9	47,0882081446917	15,1599734195803
96	1984	1098	531	961	17	4	3,9	47,0882339663955	15,1600787303571
97	1982	1104	539	964	17	4	3,9	47,0882597974973	15,1601840795135
98	1980	1110	547	967	17	4	3,9	47,0882856379966	15,1602894670476
98	1978	1117	555	969	17	4	3,9	47,0883114878929	15,1603948929573
98	1976	1123	563	972	17	4	3,9	47,0883373471857	15,1605003572408
99	1974	1130	571	975	17	4	3,9	47,0883632158745	15,1606058598961
100	1972	1136	579	978	17	4	3,9	47,0883890939588	15,1607114009213
100	1970	1143	587	981	17	4	3,9	47,0884149814382	15,1608169803144
100	1968	1150	595	984	17	4	3,9	47,0884408783121	15,1609225980736
101	1966	1156	603	987	17	4	3,9	47,08846678458	15,1610282541969
102	1964	1163	611	990	17	4	3,9	47,0884926953794	15,1611339288523
102	1962	1170	619	993	17	4	3,9	47,088518604744	15,161239597708
102	1960	1176	627	995	17	4	3,9	47,0885445126745	15,161345260766
103	1958	1183	635	998	17	4	3,9	47,0885704191715	15,1614509180287
104	1956	1190	643	1001	17	4	3,9	47,0885963242353	15,1615565694983
104	1954	1196	651	1004	17	4	3,9	47,0886222278668	15,161662215177
104	1952	1203	659	1007	17	4	3,9	47,0886481300662	15,161767855067
105	1950	1210	667	1010	17	4	3,9	47,0886740308343	15,1618734891705
106	1948	1217	675	1013	17	4	3,9	47,0886999301715	15,1619791174898
106	1947	1224	683	1016	17	4	3,9	47,0887258280784	15,1620847400271
106	1945	1231	691	1018	17	4	3,9	47,0887517245556	15,1621903567846
107	1943	1237	699	1021	17	4	3,9	47,0887776182526	15,162295962255
108	1941	1244	707	1024	17	4	3,9	47,0888035086295	15,1624015542357
108	1939	1251	715	1027	17	4	3,9	47,0888293956869	15,1625071327294
108	1937	1258	723	1030	17	4	3,9	47,0888552794254	15,1626126977385
109	1935	1265	731	1033	17	4	3,9	47,0888811598457	15,1627182492657
110	1933	1272	739	1036	17	4	3,9	47,0889070369483	15,1628237873135
110	1931	1279	747	1039	17	4	3,9	47,0889329107339	15,1629293118844
110	1929	1286	755	1042	17	4	3,9	47,0889587812032	15,1630348229811
111	1927	1293	763	1044	17	4	3,9	47,0889846483568	15,1631403206059
112	1925	1300	771	1047	17	4	3,9	47,0890105121953	15,1632458047616
112	1923	1307	779	1050	17	4	3,9	47,0890363727193	15,1633512754507
112	1921	1314	787	1053	17	4	3,9	47,0890622299294	15,1634567326756
113	1919	1322	795	1056	17	4	3,9	47,0890880838264	15,163562176439
114	1917	1329	803	1059	17	4	3,9	47,0891139344107	15,1636676067434
114	1915	1336	811	1062	17	4	3,9	47,0891397816832	15,1637730235913
114	1913	1343	819	1065	17	4	3,9	47,0891656256443	15,1638784269853
115	1911	1350	827	1067	17	4	3,9	47,0891914662947	15,1639838169279
116	1909	1357	835	1070	17	4	3,9	47,0892173018669	15,1640891862106
116	1907	1364	843	1073	17	4	3,9	47,0892431284588	15,1641945189183
116	1905	1372	851	1076	17	4	3,9	47,089268946072	15,1642998150579
117	1904	1379	859	1079	17	4	3,9	47,0892947547082	15,164405074636
118	1902	1386	866	1082	17	4	3,9	47,089320554369	15,1645102976593
118	1900	1393	874	1085	17	4	3,9	47,089346345056	15,1646154841345
118	1898	1401	882	1088	17	4	3,9	47,089372126771	15,1647206340684
119	1896	1408	890	1090	17	4	3,9	47,0893978995155	15,1648257474675
120	1894	1415	898	1093	17	4	3,9	47,0894236632913	15,1649308243385
120	1892	1422	906	1096	17	4	3,9	47,0894494181	15,1650358646883
120	1890	1430	914	1099	17	4	3,9	47,0894751639432	15,1651408685233
121	1888	1437	922	1102	17	4	3,9	47,0895009010595	15,1652458368167
122	1886	1444	930	1105	17	4	3,9	47,0895266358725	15,1653507957666
122	1884	1452	938	1108	17	4	3,9	47,0895523683826	15,1654557453749
122	1882	1459	946	1111	17	4	3,9	47,0895780985902	15,1655606856436
123	1880	1466	954	1113	17	4	3,9	47,089603826496	15,1656656165747
124	1878	1474	962	1116	17	4	3,9	47,0896295521003	15,16577053817
124	1876	1481	970	1119	17	4	3,9	47,0896552754037	15,1658754504317
124	1874	1488	978	1122	17	4	3,9	47,0896809964066	15,1659803533615
125	1872	1496	986	1125	17	4	3,9	47,0897067151095	15,1660852469615
126	1870	1503	994	1128	17	4	3,9	47,0897324315129	15,1661901312336
126	1868	1511	1002	1131	17	4	3,9	47,0897581456173	15,1662950061798
126	1866	1518	1010	1133	17	4	3,9	47,0897838574231	15,1663998718019
127	1865	1525	1018	1136	17	4	3,9	47,0898095669308	15,1665047281021
128	1863	1533	1026	1139	17	4	3,9	47,089835274141	15,1666095750821
128	1861	1540	1034	1142	17	4	3,9	47,0898609790541	15,1667144127439
128	1859	1548	1042	1145	17	4	3,9	47,0898866816705	15,1668192410895
129	1857	1555	1049	1148	17	4	3,9	47,0899123819908	15,1669240601209
130	1855	1563	1057	1151	17	4	3,9	47,0899380800154	15,1670288698399
130	1853	1570	1065	1153	17	4	3,9	47,0899637786127	15,167133681945
130	1851	1578	1073	1156	17	4	3,9	47,08998947982	15,1672385047459
131	1849	1585	1081	1159	17	4	3,9	47,0900151836376	15,1673433382435
132	1847	1593	1089	1162	17	4	3,9	47,0900408900658	15,1674481824387
132	1845	1600	1097	1165	17	4	3,9	47,0900665991046	15,1675530373325
132	1843	1608	1105	1168	17	4	3,9	47,0900923107544	15,1676579029256
133	1841	1615	1113	1171	17	4	3,9	47,0901180250154	15,1677627792191
134	1839	1623	1121	1173	17	4	3,9	47,0901437418877	15,1678676662137
134	1837	1630	1129	1176	17	4	3,9	47,0901694613716	15,1679725639104
134	1835	1638	1137	1179	17	4	3,9	47,0901951834674	15,1680774723102
135	1833	1646	1145	1182	17	4	3,9	47,0902209081751	15,1681823914138
136	1831	1653	1153	1185	17	4	3,9	47,0902466374352	15,1682873291348
136	1830	1661	1161	1188	17	4	3,9	47,0902723717552	15,1683922875439
136	1828	1668	1169	1191	17	4	3,9	47,0902981111352	15,1684972666409
137	1826	1676	1177	1194	17	4	3,9	47,090323855575	15,1686022664254
138	1824	1684	1185	1196	17	4	3,9	47,0903496050746	15,1687072868973
138	1822	1691	1193	1199	17	4	3,9	47,090375359634	15,1688123280563
138	1820	1699	1201	1202	17	4	3,9	47,090401119253	15,1689173899022
139	1818	1707	1208	1205	17	4	3,9	47,0904268839317	15,1690224724348
140	1816	1714	1216	1208	17	4	3,9	47,0904526536698	15,1691275756538
140	1814	1722	1224	1211	17	4	3,9	47,0904784284675	15,169232699559
140	1812	1730	1232	1214	17	4	3,9	47,0905042083245	15,1693378441502
141	1810	1737	1240	1216	17	4	3,9	47,090529993241	15,1694430094272
142	1808	1745	1248	1219	17	4	3,9	47,0905557832166	15,1695481953896
142	1806	1753	1256	1222	17	4	3,9	47,0905815782516	15,1696534020373
142	1804	1760	1264	1225	17	4	3,9	47,0906073783456	15,1697586293701
143	1802	1768	1272	1228	17	4	3,9	47,0906331834988	15,1698638773876
144	1800	1776	1280	1231	17	4	3,9	47,0906589937109	15,1699691460897
144	1798	1784	1288	1234	17	4	3,9	47,090684808982	15,1700744354761
144	1796	1791	1296	1237	17	4	3,9	47,0907106262356	15,170179732999
145	1795	1799	1304	1239	17	4	3,9	47,0907364369137	15,1702850037544
146	1793	1807	1312	1242	17	4	3,9	47,0907622410171	15,1703902477457
146	1791	1815	1320	1245	17	4	3,9	47,0907880385468	15,1704954649763
146	1789	1822	1328	1248	17	4	3,9	47,0908138295035	15,1706006554495
147	1787	1830	1336	1251	17	4	3,9	47,090839613888	15,1707058191687
148	1785	1838	1344	1254	17	4	3,9	47,0908653917013	15,1708109561373
148	1783	1846	1352	1257	17	4	3,9	47,0908911629442	15,1709160663586
148	1781	1854	1360	1260	17	4	3,9	47,0909169276174	15,1710211498361
149	1779	1861	1368	1262	17	4	3,9	47,0909426857219	15,1711262065731
150	1777	1869	1376	1265	17	4	3,9	47,0909684372585	15,171231236573
150	1775	1877	1384	1268	17	4	3,9	47,0909941822279	15,1713362398391
150	1773	1885	1392	1271	17	4	3,9	47,0910199206311	15,1714412163749
151	1771	1893	1400	1274	17	4	3,9	47,0910456426454	15,1715461261178
152	1769	1900	1408	1277	17	4	3,9	47,0910713471163	15,1716509643586
152	1767	1908	1416	1280	17	4	3,9	47,0910970340459	15,1717557311063
152	1765	1916	1424	1282	17	4	3,9	47,0911227034365	15,1718604263698
153	1764	1924	1432	1285	17	4	3,9	47,0911483552903	15,1719650501581
154	1762	1932	1439	1288	17	4	3,9	47,0911739896096	15,1720696024802
154	1760	1940	1447	1291	17	4	3,9	47,0911996063965	15,1721740833451
154	1758	1947	1455	1294	17	4	3,9	47,0912252056533	15,1722784927617
155	1756	1955	1463	1297	17	4	3,9	47,0912507873823	15,172382830739
156	1754	1963	1471	1300	17	4	3,9	47,0912763515855	15,1724870972859
156	1752	1971	1479	1302	17	4	3,9	47,0913018982653	15,1725912924114
156	1750	1979	1487	1305	17	4	3,9	47,0913274274239	15,1726954161245
157	1748	1986	1495	1308	17	4	3,9	47,0913529390635	15,1727994684341
158	1746	1994	1503	1311	17	4	3,9	47,0913784331863	15,1729034493491
158	1744	2002	1511	1314	17	4	3,9	47,0914039097945	15,1730073588785
158	1742	2010	1518	1317	17	4	3,9	47,0914293688904	15,1731111970312
159	1740	2018	1526	1319	17	4	3,9	47,0914548104761	15,1732149638161
160	1738	2025	1534	1322	17	4	3,9	47,0914802345538	15,1733186592421
160	1736	2033	1542	1325	17	4	3,9	47,0915056411259	15,1734222833182
160	1734	2041	1550	1328	17	4	3,9	47,0915310264784	15,1735258208972
161	1733	2049	1558	1331	17	4	3,9	47,0915563810612	15,1736292330268
162	1731	2057	1566	1334	17	4	3,9	47,0915817048771	15,1737325197186
162	1729	2064	1573	1336	17	4	3,9	47,091606997929	15,1738356809845
162	1727	2072	1581	1339	17	4	3,9	47,09163226022	15,1739387168359
163	1725	2080	1589	1342	17	4	3,9	47,0916574917527	15,1740416272847
164	1723	2088	1597	1345	17	4	3,9	47,0916826925302	15,1741444123423
164	1721	2095	1605	1348	17	4	3,9	47,0917078625554	15,1742470720206
164	1719	2103	1612	1350	17	4	3,9	47,0917330018311	15,1743496063311
165	1717	2111	1620	1353	17	4	3,9	47,0917581103602	15,1744520152855
166	1715	2119	1628	1356	16	4	3,9	47,0917831881457	15,1745542988953
166	1713	2127	1636	1359	16	4	3,9	47,0918082351904	15,1746564571723
166	1711	2134	1643	1362	16	4	3,9	47,0918332514973	15,1747584901281
167	1709	2142	1651	1364	16	4	3,9	47,0918582370692	15,1748603977743
168	1707	2150	1659	1367	16	4	3,9	47,0918831823605	15,1749621411774
168	1705	2157	1667	1370	16	4	3,9	47,0919080855367	15,1750637128548
168	1704	2165	1674	1373	16	4	3,9	47,0919329466016	15,1751651128219
169	1702	2173	1682	1376	16	4	3,9	47,0919577655591	15,1752663410941
170	1700	2181	1690	1378	16	4	3,9	47,0919825424131	15,175367397687
170	1698	2188	1697	1381	16	4	3,9	47,0920072771673	15,1754682826159
170	1696	2196	1705	1384	16	4	3,9	47,0920319698257	15,1755689958963
171	1694	2204	1713	1387	16	4	3,9	47,092056620392	15,1756695375437
172	1692	2211	1720	1389	16	4	3,9	47,0920812288702	15,1757699075735
172	1690	2219	1728	1392	16	4	3,9	47,092105795264	15,1758701060011
172	1688	2226	1735	1395	16	4	3,9	47,0921303195773	15,175970132842
173	1686	2234	1743	1397	16	4	3,9	47,092154801814	15,1760699881116
174	1684	2242	1751	1400	16	4	3,9	47,0921792419778	15,1761696718252
174	1682	2249	1758	1403	16	4	3,9	47,0922036400727	15,1762691839984
174	1680	2257	1766	1406	16	4	3,9	47,0922279961023	15,1763685246465
175	1678	2264	1773	1408	16	4	3,9	47,0922523100707	15,1764676937848
176	1676	2272	1781	1411	16	4	3,9	47,0922765819816	15,1765666914289
176	1675	2280	1788	1414	16	4	3,9	47,0923008118388	15,1766655175941
176	1673	2287	1796	1416	16	4	3,9	47,0923249996462	15,1767641722958
177	1671	2295	1803	1419	16	4	3,9	47,0923491388985	15,1768626290004
178	1669	2302	1811	1422	16	4	3,9	47,092373226595	15,1769608754695
178	1667	2310	1818	1425	16	4	3,9	47,0923972627417	15,1770589117266
178	1665	2317	1826	1427	16	4	3,9	47,0924212473445	15,1771567377956
179	1663	2325	1833	1430	16	4	3,9	47,0924451804093	15,1772543537001
180	1661	2332	1840	1433	16	4	3,9	47,0924690619419	15,1773517594639
180	1659	2340	1848	1435	16	4	3,9	47,0924928919482	15,1774489551107
180	1657	2347	1855	1438	16	4	3,9	47,0925166704342	15,1775459406641
181	1655	2355	1862	1440	16	4	3,9	47,0925403974056	15,1776427161479
182	1653	2362	1870	1443	16	4	3,9	47,0925640728683	15,1777392815857
182	1651	2369	1877	1446	16	4	3,9	47,0925876968283	15,1778356370012
182	1649	2377	1884	1448	16	4	3,9	47,0926112692914	15,1779317824181
183	1648	2384	1892	1451	15	4	3,9	47,0926347902634	15,1780277178599
184	1646	2391	1899	1454	15	4	3,9	47,0926582597502	15,1781234433504
184	1644	2399	1906	1456	15	4	3,9	47,0926816725797	15,1782189377934
184	1642	2406	1913	1459	15	4	3,9	47,0927050263794	15,1783141915119
185	1640	2413	1921	1461	15	4	3,9	47,0927283211561	15,1784092045338
186	1638	2421	1928	1464	15	4	3,9	47,0927515569169	15,1785039768873
186	1636	2428	1935	1467	15	4	3,9	47,0927747336688	15,1785985086004
186	1634	2435	1942	1469	15	4	3,9	47,0927978514186	15,1786927997011
187	1632	2443	1949	1472	15	4	3,9	47,0928209101733	15,1787868502175
188	1630	2450	1956	1474	15	4	3,9	47,0928439099399	15,1788806601774
188	1628	2457	1964	1477	15	4	3,9	47,0928668507253	15,1789742296091
188	1626	2464	1971	1479	15	4	3,9	47,0928897325364	15,1790675585403
189	1624	2471	1978	1482	15	4	3,9	47,0929125553801	15,1791606469991
190	1622	2479	1985	1485	15	4	3,8	47,0929353192635	15,1792534950134
190	1621	2486	1992	1487	15	4	3,8	47,0929580241934	15,1793461026113
190	1619	2493	1999	1490	15	4	3,8	47,0929806701767	15,1794384698205
191	1617	2500	2006	1492	15	4	3,8	47,0930032572204	15,1795305966691
192	1615	2507	2013	1495	15	4	3,8	47,0930257853314	15,179622483185
192	1613	2514	2020	1497	15	4	3,8	47,0930482545165	15,1797141293959
192	1611	2521	2027	1500	15	4	3,8	47,0930706647828	15,1798055353299
193	1609	2528	2034	1502	15	4	3,8	47,0930930161371	15,1798967010148
194	1607	2535	2041	1505	15	4	3,8	47,0931153085863	15,1799876264785
194	1605	2542	2047	1507	15	4	3,8	47,0931375421373	15,1800783117487
194	1603	2549	2054	1510	15	4	3,8	47,0931597167971	15,1801687568534
195	1601	2556	2061	1512	15	4	3,8	47,0931818241343	15,1802589274031
196	1599	2563	2068	1515	15	4	3,8	47,0932038628646	15,1803488181588
196	1597	2570	2075	1517	14	4	3,8	47,0932258329945	15,1804384291468
196	1596	2577	2082	1519	14	4	3,8	47,0932477345305	15,1805277603933
197	1594	2584	2088	1522	14	4	3,8	47,0932695674791	15,1806168119246
198	1592	2591	2095	1524	14	4	3,8	47,0932913318469	15,1807055837668
198	1590	2598	2102	1527	14	4	3,8	47,0933130276404	15,1807940759463
198	1588	2605	2109	1529	14	4	3,8	47,0933346548661	15,1808822884892
199	1586	2612	2115	1532	14	4	3,8	47,0933562135304	15,1809702214217
200	1584	2618	2122	1534	14	4	3,8	47,09337770364	15,18105787477
200	1582	2625	2129	1536	14	4	3,8	47,0933991252012	15,1811452485603
200	1580	2632	2135	1539	14	4	3,8	47,0934204782206	15,1812323428188
201	1578	2639	2142	1541	14	4	3,8	47,0934417627047	15,1813191575716
202	1576	2645	2148	1543	14	4	3,8	47,0934629781033	15,181405690574
202	1574	2652	2155	1546	14	4	3,8	47,0934841243296	15,1814919414724
202	1573	2659	2162	1548	14	4	3,8	47,0935052013898	15,181577910291
203	1571	2665	2168	1551	14	4	3,8	47,0935262092898	15,1816635970538
204	1569	2672	2175	1553	14	4	3,8	47,0935471480355	15,1817490017848
204	1567	2679	2181	1555	14	4	3,8	47,093568017633	15,181834124508
204	1565	2685	2187	1558	14	4	3,8	47,0935888180882	15,1819189652475
205	1563	2692	2194	1560	14	4	3,8	47,0936095494071	15,1820035240273
206	1561	2698	2200	1562	14	4	3,8	47,0936302115957	15,1820878008714
206	1559	2705	2207	1564	14	4	3,8	47,0936508046598	15,1821717958037
206	1557	2711	2213	1567	14	4	3,8	47,0936713286056	15,1822555088484
207	1555	2718	2219	1569	13	4	3,8	47,0936917834388	15,1823389400293
208	1553	2724	2226	1571	13	4	3,8	47,0937121691656	15,1824220893705
208	1551	2731	2232	1574	13	3	3,8	47,0937324857918	15,1825049568959
208	1549	2737	2238	1576	13	3	3,8	47,0937527333234	15,1825875426295
209	1548	2744	2245	1578	13	3	3,8	47,0937729117664	15,1826698465953
210	1546	2750	2251	1580	13	3	3,8	47,0937930211267	15,1827518688171
210	1544	2757	2257	1583	13	3	3,8	47,0938130614103	15,182833609319
210	1542	2763	2263	1585	13	3	3,8	47,0938330231367	15,1829150294321
211	1540	2769	2269	1587	13	3	3,8	47,0938529004773	15,1829961053814
212	1538	2776	2276	1589	13	3	3,8	47,0938726934387	15,1830768371937
212	1536	2782	2282	1591	13	3	3,8	47,0938924020275	15,1831572248959
212	1534	2788	2288	1594	13	3	3,8	47,0939120262505	15,183237268515
213	1532	2794	2294	1596	13	3	3,8	47,0939315661143	15,1833169680779
214	1530	2800	2300	1598	13	3	3,8	47,0939510216257	15,1833963236115
214	1528	2807	2306	1600	13	3	3,8	47,0939703927914	15,1834753351428
214	1526	2813	2312	1602	13	3	3,8	47,0939896796179	15,1835540026985
215	1525	2819	2318	1604	13	3	3,8	47,094008890339	15,1836323598616
216	1523	2825	2324	1607	13	3	3,8	47,0940280526473	15,1837105195858
216	1521	2831	2330	1609	13	3	3,8	47,0940471665478	15,1837884818907
216	1519	2837	2336	1611	13	3	3,8	47,0940662320451	15,1838662467957
217	1517	2843	2341	1613	13	3	3,8	47,0940852491443	15,1839438143203
218	1515	2849	2347	1615	12	3	3,8	47,09410421785	15,184021184484
218	1513	2855	2353	1617	12	3	3,8	47,0941231381671	15,1840983573063
218	1511	2861	2359	1619	12	3	3,8	47,0941420101006	15,1841753328067
219	1509	2867	2365	1621	12	3	3,8	47,0941608336551	15,1842521110046
220	1507	2873	2371	1624	12	3	3,8	47,0941796088354	15,1843286919196
220	1505	2879	2376	1626	12	3	3,8	47,0941983356466	15,184405075571
220	1503	2885	2382	1628	12	3	3,8	47,0942170140932	15,1844812619783
221	1502	2891	2388	1630	12	3	3,8	47,0942356441803	15,1845572511609
222	1500	2897	2394	1632	12	3	3,8	47,0942542259125	15,1846330431384
222	1498	2903	2400	1634	12	3	3,8	47,0942727592946	15,18470863793
222	1496	2909	2405	1636	12	3	3,8	47,0942912587964	15,1847840945549
223	1494	2915	2411	1638	12	3	3,8	47,0943097337721	15,184859451168
224	1492	2921	2417	1640	12	3	3,8	47,094328184224	15,1849347077783
224	1490	2927	2422	1642	12	3	3,8	47,0943466101542	15,1850098643944
224	1488	2932	2428	1644	12	3	3,8	47,0943650115649	15,185084921025
225	1486	2938	2434	1646	12	3	3,8	47,0943833884583	15,1851598776788
226	1484	2944	2439	1648	12	3	3,8	47,0944017408365	15,1852347343647
226	1482	2950	2445	1650	12	3	3,8	47,0944200687017	15,1853094910913
226	1481	2956	2451	1652	12	3	3,8	47,094438372056	15,1853841478673
227	1479	2962	2456	1654	12	3	3,8	47,0944566509016	15,1854587047014
228	1477	2967	2462	1656	12	3	3,8	47,0944749070158	15,1855331688428
228	1475	2973	2468	1658	12	3	3,8	47,0944931503098	15,185607580718
228	1473	2979	2473	1661	12	3	3,8	47,0945113807852	15,1856819403331
229	1471	2985	2479	1663	12	3	3,8	47,0945295984435	15,1857562476947
230	1469	2991	2485	1665	12	3	3,8	47,0945478032863	15,1858305028091
230	1467	2997	2490	1667	12	3	3,8	47,0945659953153	15,1859047056826
230	1465	3002	2496	1669	12	3	3,8	47,0945841745319	15,1859788563216
231	1463	3008	2502	1671	12	3	3,8	47,0946023409377	15,1860529547325
232	1461	3014	2507	1673	12	3	3,8	47,0946204945344	15,1861270009216
232	1460	3020	2513	1675	12	3	3,8	47,0946386353234	15,1862009948954
232	1458	3025	2518	1677	12	3	3,8	47,0946567633064	15,18627493666
233	1456	3031	2524	1679	12	3	3,8	47,0946748784849	15,186348826222
234	1454	3037	2530	1681	12	3	3,8	47,0946929808605	15,1864226635875
234	1452	3043	2535	1683	12	3	3,8	47,0947110704347	15,1864964487631
234	1450	3049	2541	1685	12	3	3,8	47,094729147247	15,1865701819092
235	1448	3054	2546	1687	12	3	3,8	47,0947472129641	15,1866438698241
236	1446	3060	2552	1689	12	3	3,8	47,094765267587	15,1867175125125
236	1444	3066	2558	1691	12	3	3,8	47,094783311117	15,186791109979
236	1442	3072	2563	1693	12	3	3,8	47,0948013435552	15,1868646622283
237	1440	3077	2569	1695	12	3	3,8	47,0948193649028	15,186938169265
238	1439	3083	2574	1697	12	3	3,8	47,0948373751609	15,1870116310939
238	1437	3089	2580	1699	12	3	3,8	47,0948553743306	15,1870850477195
238	1435	3095	2585	1701	12	3	3,8	47,0948733624132	15,1871584191465
239	1433	3100	2591	1703	12	3	3,8	47,0948913386051	15,1872317420976
240	1431	3106	2597	1705	12	3	3,8	47,0949092968155	15,1873049917285
240	1429	3112	2602	1707	12	3	3,8	47,0949272370457	15,1873781680448
240	1427	3118	2608	1709	12	3	3,8	47,094945159297	15,1874512710521
241	1425	3123	2613	1711	12	3	3,8	47,094963063571	15,1875243007561
242	1423	3129	2619	1713	12	3	3,8	47,094980949869	15,1875972571623
242	1421	3135	2624	1715	12	3	3,8	47,0949988181923	15,1876701402763
242	1419	3141	2630	1717	12	3	3,8	47,0950166685425	15,1877429501038
243	1418	3146	2635	1719	12	3	3,8	47,0950345009208	15,1878156866503
244	1416	3152	2641	1721	12	3	3,8	47,0950523153287	15,1878883499215
244	1414	3158	2646	1723	12	3	3,8	47,0950701117675	15,1879609399229
244	1412	3163	2652	1725	12	3	3,8	47,0950878902387	15,1880334566602
245	1410	3169	2657	1727	12	3	3,8	47,0951056507436	15,188105900139
246	1408	3175	2663	1729	12	3	3,8	47,0951233932837	15,1881782703648
246	1406	3180	2668	1731	12	3	3,8	47,0951411178603	15,1882505673433
246	1404	3186	2674	1733	12	3	3,8	47,0951588232604	15,1883227861267
247	1402	3192	2679	1735	12	3	3,8	47,0951765079167	15,1883949203217
248	1400	3197	2685	1737	12	3	3,8	47,0951941718309	15,1884669699355
248	1398	3203	2690	1739	12	3	3,8	47,0952118150048	15,1885389349756
248	1397	3209	2696	1741	12	3	3,8	47,0952294374404	15,1886108154493
249	1395	3214	2701	1742	12	3	3,8	47,0952470391395	15,1886826113641
250	1393	3220	2706	1744	12	3	3,8	47,0952646201038	15,1887543227272
250	1391	3226	2712	1746	12	3	3,8	47,0952821803352	15,1888259495462
250	1389	3231	2717	1748	12	3	3,8	47,0952997198355	15,1888974918283
251	1387	3237	2723	1750	12	3	3,8	47,0953172386066	15,188968949581
252	1385	3242	2728	1752	12	3	3,8	47,0953347366503	15,1890403228115
252	1383	3248	2734	1754	11	3	3,8	47,0953522118114	15,189111602729
252	1381	3254	2739	1756	11	3	3,8	47,0953696610644	15,1891827769927
253	1379	3259	2744	1758	11	3	3,8	47,0953870844119	15,1892538456128
254	1377	3265	2750	1760	11	3	3,8	47,0954044818564	15,1893248085995
254	1376	3270	2755	1762	11	3	3,8	47,0954218534003	15,1893956659629
254	1374	3276	2760	1764	11	3	3,8	47,0954391990463	15,1894664177133
255	1372	3281	2766	1766	11	3	3,8	47,0954565187968	15,1895370638607
256	1370	3287	2771	1768	11	3	3,8	47,0954738126543	15,1896076044154
256	1368	3293	2777	1770	11	3	3,8	47,0954910806214	15,1896780393875
256	1366	3298	2782	1772	11	3	3,8	47,0955083227006	15,1897483687871
257	1364	3304	2787	1774	11	3	3,8	47,0955255388944	15,1898185926244
258	1362	3309	2793	1775	11	3	3,8	47,0955427292053	15,1898887109096
258	1360	3315	2798	1777	11	3	3,8	47,0955598936358	15,1899587236528
258	1358	3320	2803	1779	11	3	3,8	47,0955770321884	15,1900286308641
259	1357	3326	2808	1781	11	3	3,8	47,0955941448657	15,1900984325536
260	1355	3331	2814	1783	11	3	3,8	47,0956112316701	15,1901681287316
260	1353	3337	2819	1785	11	3	3,8	47,0956282946655	15,1902377278163
260	1351	3342	2824	1787	11	3	3,8	47,0956453349365	15,1903072342317
261	1349	3348	2830	1789	11	3	3,8	47,0956623524857	15,1903766479877
262	1347	3353	2835	1791	11	3	3,8	47,0956793473154	15,1904459690945
262	1345	3358	2840	1793	11	3	3,8	47,0956963194282	15,1905151975619
262	1343	3364	2845	1794	11	3	3,8	47,0957132688264	15,1905843334001
263	1341	3369	2851	1796	11	3	3,8	47,0957301955127	15,190653376619
264	1339	3375	2856	1798	11	3	3,8	47,0957470994895	15,1907223272287
264	1338	3380	2861	1800	11	3	3,8	47,0957639807592	15,1907911852391
264	1336	3386	2866	1802	11	3	3,8	47,0957808393244	15,1908599506603
265	1334	3391	2871	1804	11	3	3,8	47,0957976751874	15,1909286235022
266	1332	3396	2877	1806	11	3	3,8	47,0958144964246	15,1909972367077
266	1330	3402	2882	1808	11	3	3,8	47,0958313081868	15,1910658112862
266	1328	3407	2887	1809	11	3	3,8	47,0958481104747	15,1911343472414
267	1326	3413	2892	1811	11	3	3,8	47,0958649032893	15,191202844577
268	1324	3418	2897	1813	11	3	3,8	47,0958816866316	15,1912713032967
268	1322	3423	2903	1815	11	3	3,8	47,0958984605024	15,1913397234044
268	1320	3429	2908	1817	11	3	3,8	47,0959152249028	15,1914081049037
269	1319	3434	2913	1819	11	3	3,8	47,0959319798335	15,1914764477984
270	1317	3440	2918	1821	11	3	3,8	47,0959487252956	15,1915447520921
270	1315	3445	2923	1823	11	3	3,8	47,09596546129	15,1916130177888
270	1313	3450	2929	1824	11	3	3,8	47,0959821878176	15,191681244892
271	1311	3456	2934	1826	11	3	3,8	47,0959989048793	15,1917494334054
272	1309	3461	2939	1828	11	3	3,8	47,096015612476	15,191817583333
272	1307	3466	2944	1830	11	3	3,8	47,0960323106087	15,1918856946782
272	1305	3472	2949	1832	11	3	3,8	47,0960489992782	15,1919537674449
273	1303	3477	2954	1834	11	3	3,8	47,0960656784856	15,1920218016369
274	1301	3483	2960	1836	11	3	3,8	47,0960823482317	15,1920897972577
274	1300	3488	2965	1837	11	3	3,8	47,0960990085174	15,1921577543112
274	1298	3493	2970	1839	11	3	3,8	47,0961156608129	15,1922256787936
275	1296	3499	2975	1841	11	3	3,8	47,0961323118128	15,1922935980129
276	1294	3504	2980	1843	11	3	3,8	47,0961489615176	15,1923615119707
276	1292	3509	2985	1845	11	3	3,8	47,0961656099278	15,1924294206687
276	1290	3515	2990	1847	11	3	3,8	47,0961822570436	15,1924973241086
277	1288	3520	2996	1849	11	3	3,8	47,0961989028656	15,1925652222922
278	1286	3525	3001	1850	11	3	3,8	47,0962155473942	15,192633115221
278	1284	3531	3006	1852	11	3	3,8	47,0962321906297	15,1927010028967
278	1282	3536	3011	1854	11	3	3,8	47,0962488325727	15,1927688853212
279	1281	3541	3016	1856	11	3	3,8	47,0962654732234	15,1928367624959
280	1279	3547	3021	1858	11	3	3,8	47,0962821125823	15,1929046344227
280	1277	3552	3026	1860	11	3	3,8	47,0962987506499	15,1929725011032
280	1275	3557	3032	1862	11	3	3,8	47,0963153874265	15,193040362539
281	1273	3563	3037	1863	11	3	3,8	47,0963320229126	15,1931082187319
282	1271	3568	3042	1865	11	3	3,8	47,0963486608573	15,1931760849748
282	1269	3574	3047	1867	11	3	3,8	47,0963653054599	15,1932439783966
282	1267	3579	3052	1869	11	3	3,8	47,0963819567203	15,1933118989966
283	1265	3584	3057	1871	11	3	3,8	47,0963986146381	15,1933798467737
284	1264	3590	3062	1873	11	3	3,8	47,0964152792131	15,1934478217269
284	1262	3595	3068	1874	11	3	3,8	47,0964319504451	15,1935158238552
284	1260	3600	3073	1876	11	3	3,8	47,0964486283338	15,1935838531576
285	1258	3606	3078	1878	11	3	3,8	47,096465312879	15,1936519096332
286	1256	3611	3083	1880	11	3	3,8	47,0964820040804	15,1937199932809
286	1254	3616	3088	1882	11	3	3,8	47,0964987019378	15,1937881040998
286	1252	3622	3093	1884	11	3	3,8	47,0965154064509	15,1938562420889
287	1250	3627	3099	1886	11	3	3,8	47,0965321176195	15,1939244072471
288	1248	3633	3104	1887	11	3	3,8	47,0965488354434	15,1939925995736
288	1246	3638	3109	1889	11	3	3,8	47,0965655599221	15,1940608190672
288	1245	3643	3114	1891	11	3	3,8	47,0965822910557	15,194129065727
289	1243	3649	3119	1893	11	3	3,8	47,0965990288437	15,1941973395521
290	1241	3654	3124	1895	11	3	3,8	47,0966157732859	15,1942656405414
290	1239	3660	3130	1897	11	3	3,8	47,0966325243821	15,194333968694
290	1237	3665	3135	1899	11	3	3,8	47,096649282132	15,1944023240088
291	1235	3670	3140	1901	11	3	3,8	47,0966660465355	15,1944707064848
292	1233	3676	3145	1902	11	3	3,8	47,0966828106605	15,194539087847
292	1231	3681	3150	1904	11	3	3,8	47,0966995740315	15,1946074661546
292	1229	3687	3155	1906	11	3	3,8	47,0967163366485	15,1946758414086
293	1228	3692	3161	1908	11	3	3,8	47,0967330985119	15,1947442136099
294	1226	3697	3166	1910	11	3	3,8	47,0967498596219	15,1948125827595
294	1224	3703	3171	1912	11	3	3,8	47,0967666199787	15,1948809488583
294	1222	3708	3176	1914	11	3	3,8	47,0967833795825	15,1949493119074
295	1220	3714	3181	1915	11	3	3,8	47,0968001384337	15,1950176719076
296	1218	3719	3187	1917	11	3	3,8	47,0968168965323	15,19508602886
296	1216	3724	3192	1919	11	3	3,8	47,0968336538787	15,1951543827655
296	1214	3730	3197	1921	11	3	3,8	47,0968504104732	15,195222733625
297	1212	3735	3202	1923	11	3	3,8	47,0968671663158	15,1952910814396
298	1211	3741	3207	1925	11	3	3,8	47,0968839199797	15,1953594203885
298	1209	3746	3212	1927	11	3	3,8	47,0969006671267	15,195427732776
298	1207	3751	3218	1929	11	3	3,8	47,0969174077576	15,1954960186055
299	1205	3757	3223	1930	11	3	3,8	47,0969341418731	15,19556427788
300	1203	3762	3228	1932	11	3	3,8	47,096950869474	15,1956325106028
300	1201	3767	3233	1934	11	3	3,8	47,0969675905613	15,1957007167771
300	1199	3773	3238	1936	11	3	3,8	47,0969843051355	15,195768896406
301	1197	3778	3243	1938	11	3	3,8	47,0970010131975	15,1958370494928
302	1195	3784	3249	1940	11	3	3,8	47,0970177147482	15,1959051760406
302	1194	3789	3254	1942	11	3	3,8	47,0970344097883	15,1959732760526
302	1192	3794	3259	1943	11	3	3,8	47,0970510983185	15,1960413495321
303	1190	3800	3264	1945	11	3	3,8	47,0970677803397	15,1961093964821
304	1188	3805	3269	1947	11	3	3,8	47,0970844558526	15,1961774169059
304	1186	3811	3274	1949	11	3	3,8	47,0971011248581	15,1962454108066
304	1184	3816	3280	1951	11	3	3,8	47,0971177873569	15,1963133781875
305	1182	3821	3285	1953	11	3	3,8	47,0971344433498	15,1963813190516
306	1180	3827	3290	1955	11	3	3,8	47,0971510928376	15,1964492334023
306	1178	3832	3295	1956	11	3	3,8	47,0971677331598	15,1965171103872
306	1177	3837	3300	1958	11	3	3,8	47,0971843584392	15,1965849260329
307	1175	3843	3305	1960	11	3	3,8	47,0972009686778	15,1966526803469
308	1173	3848	3310	1962	11	3	3,8	47,0972175638774	15,1967203733368
308	1171	3854	3316	1964	11	3	3,8	47,0972341440398	15,1967880050101
308	1169	3859	3321	1966	11	3	3,8	47,0972507091669	15,1968555753745
309	1167	3864	3326	1967	11	3	3,8	47,0972672592606	15,1969230844374
310	1165	3870	3331	1969	11	3	3,8	47,0972837943227	15,1969905322064
310	1163	3875	3336	1971	11	3	3,8	47,0973003143551	15,197057918689
310	1161	3880	3341	1973	11	3	3,8	47,0973168193597	15,1971252438928
311	1160	3886	3346	1975	11	3	3,8	47,0973333104227	15,1971925122488
312	1158	3891	3351	1977	11	3	3,8	47,0973497878613	15,1972597250504
312	1156	3896	3356	1979	11	3	3,8	47,0973662516767	15,1973268823028
312	1154	3902	3362	1980	11	3	3,8	47,0973827018702	15,1973939840111
313	1152	3907	3367	1982	11	3	3,8	47,0973991384431	15,1974610301802
314	1150	3912	3372	1984	11	3	3,8	47,0974155613965	15,1975280208153
314	1148	3917	3377	1986	11	3	3,8	47,0974319707318	15,1975949559213
314	1146	3923	3382	1988	11	3	3,8	47,0974483664502	15,1976618355034
315	1144	3928	3387	1989	11	3	3,8	47,0974647485529	15,1977286595666
316	1143	3933	3392	1991	11	3	3,8	47,0974811170412	15,197795428116
316	1141	3939	3397	1993	11	3	3,8	47,0974974719163	15,1978621411566
316	1139	3944	3402	1995	11	3	3,8	47,0975138131796	15,1979287986935
317	1137	3949	3407	1997	11	3	3,8	47,0975301408322	15,1979954007316
318	1135	3954	3412	1999	11	3	3,8	47,0975464548754	15,1980619472761
318	1133	3960	3417	2000	11	3	3,8	47,0975627553104	15,198128438332
318	1131	3965	3422	2002	11	3	3,8	47,0975790375448	15,198194855166
319	1129	3970	3427	2004	11	3	3,8	47,0975953012008	15,1982611962372
320	1127	3975	3432	2006	11	3	3,8	47,0976115462802	15,1983274615529
320	1126	3981	3437	2008	11	3	3,8	47,0976277727849	15,1983936511202
320	1124	3986	3442	2009	11	3	3,8	47,0976439807164	15,1984597649464
321	1122	3991	3447	2011	11	3	3,8	47,0976601700767	15,1985258030386
322	1120	3996	3452	2013	11	3	3,8	47,0976763408676	15,198591765404
322	1118	4002	3457	2015	11	3	3,8	47,0976924930907	15,1986576520497
322	1116	4007	3462	2017	11	3	3,8	47,0977086267479	15,198723462983
323	1114	4012	3467	2018	11	3	3,8	47,0977247450232	15,1987892111916
324	1112	4017	3472	2020	11	3	3,8	47,0977408482757	15,1988548981407
324	1111	4023	3477	2022	11	3	3,8	47,0977569365069	15,198920523836
324	1109	4028	3482	2024	11	3	3,8	47,0977730097181	15,198986088283
325	1107	4033	3487	2026	11	3	3,8	47,0977890679108	15,1990515914874
326	1105	4038	3492	2027	11	3	3,8	47,0978051110863	15,1991170334548
326	1103	4043	3497	2029	11	3	3,8	47,0978211392461	15,1991824141908
326	1101	4048	3502	2031	11	3	3,8	47,0978371523914	15,1992477337009
327	1099	4054	3507	2033	11	3	3,8	47,0978531505238	15,1993129919909
328	1097	4059	3512	2035	11	3	3,8	47,0978691336445	15,1993781890662
328	1095	4064	3517	2036	11	3	3,8	47,097885101755	15,1994433249326
328	1094	4069	3522	2038	10	3	3,8	47,0979010548566	15,1995083995955
329	1092	4074	3527	2040	10	3	3,8	47,0979169929508	15,1995734130605
330	1090	4079	3532	2042	10	3	3,8	47,0979329160389	15,1996383653334
330	1088	4085	3537	2043	10	3	3,8	47,0979488241223	15,1997032564196
330	1086	4090	3542	2045	10	3	3,8	47,0979647172023	15,1997680863247
331	1084	4095	3547	2047	10	3	3,8	47,0979805953158	15,1998328551985
332	1082	4100	3551	2049	10	3	3,8	47,0979964584658	15,1998975630534
332	1080	4105	3556	2051	10	3	3,8	47,0980123066537	15,1999622098954
332	1079	4110	3561	2052	10	3	3,8	47,0980281398811	15,2000267957307
333	1077	4115	3566	2054	10	3	3,8	47,0980439581494	15,2000913205654
334	1075	4121	3571	2056	10	3	3,8	47,0980597614603	15,2001557844055
334	1073	4126	3576	2058	10	3	3,8	47,0980755498151	15,200220187257
334	1071	4131	3581	2059	10	3	3,8	47,0980913232154	15,2002845291261
335	1069	4136	3586	2061	10	3	3,8	47,0981070816627	15,2003488100189
336	1067	4141	3591	2063	10	3	3,8	47,0981228251585	15,2004130299413
336	1065	4146	3595	2065	10	3	3,8	47,0981385537042	15,2004771888995
336	1064	4151	3600	2066	10	3	3,8	47,0981542658976	15,2005412811728
337	1062	4156	3605	2068	10	3	3,8	47,0981699613591	15,2006053052135
338	1060	4161	3610	2070	10	3	3,8	47,0981856400904	15,2006692610279
338	1058	4166	3615	2072	10	3	3,8	47,0982013020929	15,2007331486223
338	1056	4171	3620	2073	10	3	3,8	47,0982169473683	15,200796968003
339	1054	4176	3625	2075	10	3	3,8	47,0982325759182	15,2008607191764
340	1052	4182	3629	2077	10	3	3,8	47,098248187744	15,2009244021487
340	1050	4187	3634	2079	10	3	3,8	47,0982637828474	15,2009880169263
340	1048	4192	3639	2080	10	3	3,8	47,0982793612299	15,2010515635154
341	1047	4197	3644	2082	10	3	3,8	47,098294922893	15,2011150419225
342	1045	4202	3649	2084	10	3	3,8	47,0983104678384	15,2011784521537
342	1043	4207	3653	2085	10	3	3,8	47,0983259960676	15,2012417942155
342	1041	4212	3658	2087	10	3	3,8	47,0983415075822	15,201305068114
343	1039	4217	3663	2089	10	3	3,8	47,0983570023836	15,2013682738557
344	1037	4222	3668	2091	10	3	3,8	47,0983724804736	15,2014314114467
344	1035	4227	3673	2092	10	3	3,8	47,0983879418535	15,2014944808935
344	1033	4232	3677	2094	10	3	3,8	47,0984033865251	15,2015574822022
345	1032	4237	3682	2096	10	3	3,8	47,0984188131505	15,201620409916
346	1030	4242	3687	2098	10	3	3,8	47,0984342167632	15,2016832437753
346	1028	4247	3692	2099	10	3	3,8	47,0984495973657	15,2017459837908
346	1026	4252	3696	2101	10	3	3,8	47,0984649549608	15,2018086299729
347	1024	4257	3701	2103	10	3	3,8	47,0984802895509	15,2018711823324
348	1022	4262	3706	2104	10	3	3,8	47,0984956011389	15,2019336408799
348	1020	4267	3711	2106	10	3	3,8	47,0985108897272	15,2019960056259
348	1018	4272	3715	2108	10	3	3,8	47,0985261553185	15,202058276581
349	1017	4277	3720	2109	10	3	3,8	47,0985413979154	15,2021204537558
350	1015	4281	3725	2111	10	3	3,7	47,0985566175205	15,2021825371609
350	1013	4286	3730	2113	10	3	3,7	47,0985718107391	15,202244512949
350	1011	4291	3734	2115	10	3	3,7	47,0985869754516	15,2023063724728
351	1009	4296	3739	2116	10	3	3,7	47,0986021116602	15,2023681157422
352	1007	4301	3744	2118	10	3	3,7	47,0986172193676	15,2024297427672
352	1005	4306	3748	2120	10	3	3,7	47,098632298576	15,2024912535577
352	1003	4311	3753	2121	10	3	3,7	47,098647349288	15,2025526481234
353	1002	4316	3758	2123	10	3	3,7	47,0986623715061	15,2026139264743
354	1000	4321	3762	2125	10	3	3,7	47,0986773652325	15,2026750886203
354	998	4326	3767	2126	10	3	3,7	47,0986923304699	15,2027361345711
354	996	4330	3771	2128	10	3	3,7	47,0987072672206	15,2027970643368
355	994	4335	3776	2130	10	3	3,7	47,0987221754871	15,2028578779271
356	992	4340	3781	2131	10	3	3,7	47,0987370552719	15,202918575352
356	990	4345	3785	2133	10	3	3,7	47,0987519065772	15,2029791566212
356	988	4350	3790	2135	10	3	3,7	47,0987667294057	15,2030396217447
357	987	4354	3794	2136	10	3	3,7	47,0987815237598	15,2030999707322
358	985	4359	3799	2138	10	3	3,7	47,0987962900956	15,203160205445
358	983	4364	3804	2140	10	3	3,7	47,0988110312647	15,2032203375143
358	981	4369	3808	2141	10	3	3,7	47,098825747269	15,2032803669484
359	979	4374	3813	2143	10	3	3,7	47,0988404381107	15,2033402937559
360	977	4378	3817	2144	10	3	3,7	47,0988551037919	15,2034001179451
360	975	4383	3822	2146	10	3	3,7	47,0988697443146	15,2034598395245
360	974	4388	3826	2148	10	3	3,7	47,098884359681	15,2035194585024
361	972	4393	3831	2149	10	3	3,7	47,098898949893	15,2035789748873
362	970	4397	3835	2151	10	3	3,7	47,0989135149529	15,2036383886876
362	968	4402	3840	2153	10	3	3,7	47,0989280548626	15,2036976999117
362	966	4407	3844	2154	10	3	3,7	47,0989425696243	15,203756908568
363	964	4411	3849	2156	10	3	3,7	47,0989570586301	15,2038160121772
364	962	4416	3853	2157	10	3	3,7	47,0989715218744	15,2038750107158
364	960	4421	3858	2159	10	3	3,7	47,0989859593596	15,2039339041935
364	959	4426	3862	2161	9	3	3,7	47,0990003710879	15,2039926926199
365	957	4430	3867	2162	9	3	3,7	47,0990147570619	15,2040513760048
366	955	4435	3871	2164	9	3	3,7	47,099029117284	15,204109954358
366	953	4440	3876	2165	9	3	3,7	47,0990434517565	15,2041684276892
366	951	4444	3880	2167	9	3	3,7	47,0990577604819	15,204226796008
367	949	4449	3884	2169	9	3	3,7	47,0990720434625	15,2042850593242
368	947	4453	3889	2170	9	3	3,7	47,0990863007008	15,2043432176475
368	945	4458	3893	2172	9	3	3,7	47,0991005321991	15,2044012709875
368	944	4463	3898	2173	9	3	3,7	47,0991147379599	15,2044592193541
369	942	4467	3902	2175	9	2	3,7	47,0991289179855	15,2045170627568
370	940	4472	3906	2177	9	2	3,7	47,0991430722784	15,2045748012055
370	938	4476	3911	2178	9	2	3,7	47,0991572008409	15,2046324347097
370	936	4481	3915	2180	9	2	3,7	47,0991713036755	15,2046899632792
371	934	4486	3920	2181	9	2	3,7	47,0991853862048	15,204747409034
372	932	4490	3924	2183	9	2	3,7	47,0991994487585	15,2048047733195
372	931	4495	3928	2184	9	2	3,7	47,0992134913388	15,2048620561437
372	929	4499	3933	2186	9	2	3,7	47,0992275139474	15,2049192575144
373	927	4504	3937	2188	9	2	3,7	47,0992415165864	15,2049763774394
374	925	4508	3941	2189	9	2	3,7	47,0992554992576	15,2050334159265
374	923	4513	3946	2191	9	2	3,7	47,0992694619631	15,2050903729835
374	921	4517	3950	2192	9	2	3,7	47,0992834047047	15,2051472486182
375	919	4522	3954	2194	9	2	3,7	47,0992973281715	15,2052040456415
376	917	4526	3958	2195	9	2	3,7	47,0993112334978	15,2052607686805
376	916	4531	3963	2197	9	2	3,7	47,0993251206853	15,2053174177419
376	914	4535	3967	2198	9	2	3,7	47,0993389897356	15,2053739928321
377	912	4540	3971	2200	9	2	3,7	47,0993528406504	15,205430493958
378	910	4544	3976	2201	9	2	3,7	47,0993666734312	15,205486921126
378	908	4549	3980	2203	9	2	3,7	47,0993804880798	15,2055432743429
378	906	4553	3984	2205	9	2	3,7	47,0993942845977	15,2055995536151
379	904	4558	3988	2206	9	2	3,7	47,0994080629866	15,2056557589495
380	902	4562	3993	2208	9	2	3,7	47,0994218232482	15,2057118903524
380	901	4567	3997	2209	9	2	3,7	47,099435565384	15,2057679478307
380	899	4571	4001	2211	9	2	3,7	47,0994492893958	15,2058239313908
381	897	4576	4005	2212	9	2	3,7	47,099462995285	15,2058798410394
382	895	4580	4010	2214	9	2	3,7	47,0994766830534	15,2059356767831
382	893	4585	4014	2215	9	2	3,7	47,0994903527027	15,2059914386284
382	891	4589	4018	2217	9	2	3,7	47,0995040201762	15,2060471916129
383	889	4594	4022	2218	9	2	3,7	47,0995176870421	15,206102942133
384	888	4598	4027	2220	9	2	3,7	47,0995313533005	15,2061586901893
384	886	4602	4031	2221	9	2	3,7	47,0995450189515	15,2062144357824
384	884	4607	4035	2223	9	2	3,7	47,0995586839954	15,206270178913
385	882	4611	4039	2224	9	2	3,7	47,0995723484322	15,2063259195815
386	880	4616	4043	2226	9	2	3,7	47,0995860122621	15,2063816577886
386	878	4620	4048	2227	9	2	3,7	47,099599674874	15,2064373910412
386	876	4625	4052	2229	9	2	3,7	47,0996133353635	15,2064931156507
387	875	4629	4056	2230	9	2	3,7	47,0996269937309	15,2065488316177
388	873	4633	4060	2232	9	2	3,7	47,0996406499764	15,2066045389432
388	871	4638	4065	2234	9	2	3,7	47,0996543041001	15,2066602376279
388	869	4642	4069	2235	9	2	3,7	47,0996679561024	15,2067159276725
389	867	4647	4073	2237	9	2	3,7	47,0996816059832	15,2067716090779
390	865	4651	4077	2238	9	2	3,7	47,0996952537429	15,2068272818449
390	863	4656	4081	2240	9	2	3,7	47,0997088993817	15,2068829459742
390	861	4660	4086	2241	9	2	3,7	47,0997225428997	15,2069386014666
391	860	4664	4090	2243	9	2	3,7	47,0997361842971	15,206994248323
392	858	4669	4094	2244	9	2	3,7	47,0997498235742	15,2070498865441
392	856	4673	4098	2246	9	2	3,7	47,0997634607311	15,2071055161306
392	854	4678	4103	2247	9	2	3,7	47,099777095768	15,2071611370834
393	852	4682	4107	2249	9	2	3,7	47,0997907325147	15,2072167650254
394	850	4687	4111	2250	9	2	3,7	47,0998043755741	15,2072724187324
394	848	4691	4115	2252	9	2	3,7	47,0998180249458	15,2073280982035
394	847	4695	4119	2253	9	2	3,7	47,0998316806296	15,2073838034377
395	845	4700	4124	2255	9	2	3,7	47,0998453426254	15,2074395344343
396	843	4704	4128	2256	9	2	3,7	47,0998590109328	15,2074952911922
396	841	4709	4132	2258	9	2	3,7	47,0998726855517	15,2075510737106
396	839	4713	4136	2259	9	2	3,7	47,0998863664818	15,2076068819886
397	837	4718	4141	2261	9	2	3,7	47,0999000537229	15,2076627160253
398	835	4722	4145	2262	9	2	3,7	47,0999137472749	15,2077185758198
398	834	4727	4149	2264	9	2	3,7	47,0999274471373	15,2077744613712
398	832	4731	4153	2265	9	2	3,7	47,0999411533102	15,2078303726787
399	830	4735	4158	2267	9	2	3,7	47,0999548657807	15,2078863096907
400	828	4740	4162	2269	9	2	3,7	47,0999685844421	15,2079422719713
400	826	4744	4166	2270	9	2	3,7	47,0999823092941	15,2079982595196
400	824	4749	4170	2272	9	2	3,7	47,0999960403365	15,2080542723346
401	822	4753	4174	2273	9	2	3,7	47,100009777569	15,2081103104156
402	821	4758	4179	2275	9	2	3,7	47,1000235209915	15,2081663737616
402	819	4762	4183	2276	9	2	3,7	47,1000372706038	15,2082224623719
402	817	4767	4187	2278	9	2	3,7	47,1000510264056	15,2082785762456
403	815	4771	4191	2279	9	2	3,7	47,1000647883967	15,2083347153817
404	813	4776	4196	2281	9	2	3,7	47,1000785565769	15,2083908797794
404	811	4780	4200	2282	9	2	3,7	47,100092330946	15,2084470694379
404	809	4784	4204	2284	9	2	3,7	47,1001061115037	15,2085032843564
405	807	4789	4208	2285	9	2	3,7	47,1001198982499	15,2085595245338
406	806	4793	4213	2287	9	2	3,7	47,1001336911843	15,2086157899694
406	804	4798	4217	2288	9	2	3,7	47,1001474903067	15,2086720806624
406	802	4802	4221	2290	9	2	3,7	47,1001612959081	15,2087283977996
407	800	4807	4226	2291	9	2	3,7	47,1001751133839	15,2087847633905
408	798	4811	4230	2293	9	2	3,7	47,1001889427336	15,2088411774331
408	796	4816	4234	2295	9	2	3,7	47,1002027839565	15,2088976399251
408	794	4820	4238	2296	9	2	3,7	47,1002166370522	15,2089541508642
409	793	4825	4243	2298	9	2	3,7	47,1002305020201	15,2090107102484
410	791	4829	4247	2299	9	2	3,7	47,1002443788596	15,2090673180754
410	789	4834	4251	2301	9	2	3,7	47,1002582675703	15,209123974343
410	787	4838	4256	2302	9	2	3,7	47,1002721681515	15,2091806790491
411	785	4843	4260	2304	9	2	3,7	47,1002860874715	15,2092374602109
412	783	4847	4264	2305	9	2	3,7	47,1003000256702	15,2092943184001
412	781	4852	4268	2307	9	2	3,7	47,1003139827475	15,2093512536156
412	780	4856	4273	2308	9	2	3,7	47,1003279587031	15,2094082658563
413	778	4861	4277	2310	9	2	3,7	47,1003419535367	15,2094653551213
414	776	4866	4281	2312	9	2	3,7	47,100355967248	15,2095225214094
414	774	4870	4286	2313	9	2	3,7	47,1003699998368	15,2095797647195
414	772	4875	4290	2315	9	2	3,7	47,1003840513027	15,2096370850506
415	770	4879	4294	2316	9	2	3,7	47,1003981216455	15,2096944824016
416	768	4884	4299	2318	9	2	3,7	47,100412210865	15,2097519567714
416	767	4888	4303	2319	9	2	3,7	47,1004263189607	15,209809508159
416	765	4893	4307	2321	9	2	3,7	47,1004404459325	15,2098671365633
417	763	4898	4312	2323	9	2	3,7	47,1004545917801	15,2099248419832
418	761	4902	4316	2324	9	3	3,7	47,1004687565032	15,2099826244176
418	759	4907	4321	2326	9	3	3,7	47,1004829401016	15,2100404838655
418	757	4911	4325	2327	9	3	3,7	47,1004971425748	15,2100984203259
419	755	4916	4329	2329	9	3	3,7	47,1005113639228	15,2101564337976
420	754	4921	4334	2330	9	3	3,7	47,1005256041451	15,2102145242795
420	752	4925	4338	2332	9	3	3,7	47,1005398632415	15,2102726917706
420	750	4930	4343	2334	9	3	3,7	47,1005541412118	15,2103309362699
421	748	4935	4347	2335	9	3	3,7	47,1005684380557	15,2103892577762
422	746	4939	4351	2337	9	3	3,7	47,1005827537728	15,2104476562886
422	744	4944	4356	2338	9	3	3,7	47,1005970883629	15,2105061318058
422	742	4948	4360	2340	9	3	3,7	47,1006114418258	15,2105646843269
423	741	4953	4365	2342	9	3	3,7	47,1006258141611	15,2106233138508
424	739	4958	4369	2343	9	3	3,7	47,1006402053686	15,2106820203764
424	737	4963	4374	2345	9	3	3,7	47,100654615448	15,2107408039027
424	735	4967	4378	2346	9	3	3,7	47,100669044399	15,2107996644285
425	733	4972	4383	2348	9	3	3,7	47,1006834922213	15,2108586019529
426	731	4977	4387	2350	9	3	3,7	47,1006979589148	15,2109176164747
426	729	4981	4391	2351	10	3	3,7	47,100712444479	15,2109767079929
426	728	4986	4396	2353	10	3	3,7	47,1007269489137	15,2110358765063
427	726	4991	4400	2354	10	3	3,7	47,1007414722186	15,2110951220141
428	724	4995	4405	2356	10	3	3,7	47,1007560143935	15,211154444515
428	722	5000	4409	2358	10	3	3,7	47,1007705754381	15,211213844008
428	720	5005	4414	2359	10	3	3,7	47,1007851553521	15,211273320492
429	718	5010	4418	2361	10	3	3,7	47,1007997541352	15,211332873966
430	716	5014	4423	2363	10	3	3,7	47,1008143717872	15,211392504429
430	715	5019	4427	2364	10	3	3,7	47,1008290083077	15,2114522118797
430	713	5024	4432	2366	10	3	3,7	47,1008436636965	15,2115119963173
431	711	5029	4436	2367	10	3	3,7	47,1008583379534	15,2115718577405
432	709	5033	4441	2369	10	3	3,7	47,1008730310779	15,2116317961484
432	707	5038	4446	2371	10	3	3,7	47,10088774307	15,2116918115399
432	705	5043	4450	2372	10	3	3,7	47,1009024739292	15,2117519039138
433	703	5048	4455	2374	10	3	3,7	47,1009172236554	15,2118120732693
434	702	5053	4459	2376	10	3	3,7	47,1009319922482	15,2118723196051
434	700	5057	4464	2377	10	3	3,7	47,1009467797073	15,2119326429202
434	698	5062	4468	2379	10	3	3,7	47,1009615860325	15,2119930432135
435	696	5067	4473	2381	10	3	3,7	47,1009764112235	15,2120535204841
436	694	5072	4478	2382	10	3	3,7	47,1009912552801	15,2121140747307
436	692	5077	4482	2384	10	3	3,7	47,1010061182019	15,2121747059524
436	690	5081	4487	2386	10	3	3,7	47,1010209999886	15,2122354141481
437	689	5086	4491	2387	10	3	3,7	47,1010359006401	15,2122961993167
438	687	5091	4496	2389	10	3	3,7	47,101050820156	15,2123570614572
438	685	5096	4501	2391	10	3	3,7	47,101065758536	15,2124180005685
438	683	5101	4505	2392	10	3	3,7	47,1010807157799	15,2124790166495
439	681	5106	4510	2394	10	3	3,7	47,1010956918873	15,2125401096991
440	679	5111	4514	2396	10	3	3,7	47,1011106868581	15,2126012797164
440	677	5115	4519	2397	10	3	3,7	47,1011257006919	15,2126625267002
440	676	5120	4524	2399	10	3	3,7	47,1011407333885	15,2127238506495
441	674	5125	4528	2401	10	3	3,7	47,1011557849476	15,2127852515632
442	672	5130	4533	2402	10	3	3,7	47,1011708553688	15,2128467294402
442	670	5135	4538	2404	10	3	3,7	47,101185944652	15,2129082842796
442	668	5140	4542	2406	10	3	3,7	47,1012010527969	15,2129699160801
443	666	5145	4547	2407	10	3	3,7	47,1012161798031	15,2130316248408
444	664	5150	4552	2409	10	3	3,7	47,1012313256704	15,2130934105606
444	663	5155	4556	2411	10	3	3,7	47,1012464903986	15,2131552732385
444	661	5160	4561	2412	10	3	3,7	47,1012616739873	15,2132172128733
445	659	5165	4566	2414	10	3	3,7	47,1012768764362	15,213279229464
446	657	5170	4570	2416	10	3	3,7	47,1012920977452	15,2133413230096
446	655	5174	4575	2417	10	3	3,7	47,1013073379138	15,213403493509
446	653	5179	4580	2419	10	3	3,7	47,1013225969419	15,213465740961
447	651	5184	4585	2421	10	3	3,7	47,1013378748292	15,2135280653648
448	650	5189	4589	2422	10	3	3,7	47,1013531715754	15,2135904667191
448	648	5194	4594	2424	10	3	3,7	47,1013684871801	15,213652945023
448	646	5199	4599	2426	10	3	3,7	47,1013838216432	15,2137155002754
449	644	5204	4603	2428	10	3	3,7	47,1013991749644	15,2137781324752
450	642	5209	4608	2429	10	3	3,7	47,1014145471433	15,2138408416213
450	640	5214	4613	2431	10	3	3,7	47,1014299381797	15,2139036277128
450	638	5219	4618	2433	10	3	3,7	47,1014453480734	15,2139664907484
451	637	5224	4622	2434	10	3	3,7	47,101460776824	15,2140294307273
452	635	5229	4627	2436	10	3	3,7	47,1014762244313	15,2140924476482
452	633	5234	4632	2438	10	3	3,7	47,101491690895	15,2141555415103
452	631	5239	4637	2440	10	3	3,7	47,1015071762149	15,2142187123123
453	629	5244	4642	2441	10	3	3,7	47,1015226803905	15,2142819600532
454	627	5250	4646	2443	10	3	3,7	47,1015382034218	15,214345284732
454	626	5255	4651	2445	10	3	3,7	47,1015537453083	15,2144086863477
454	624	5260	4656	2447	10	3	3,7	47,1015693060498	15,2144721648991
455	622	5265	4661	2448	10	3	3,7	47,1015848856461	15,2145357203852
456	620	5270	4666	2450	10	3	3,7	47,1016004840969	15,2145993528049
456	618	5275	4670	2452	10	3	3,7	47,1016161014018	15,2146630621572
456	616	5280	4675	2453	10	3	3,7	47,1016317375607	15,214726848441
457	614	5285	4680	2455	10	3	3,7	47,1016473925732	15,2147907116553
458	613	5290	4685	2457	10	3	3,7	47,1016630664391	15,214854651799
458	611	5295	4690	2459	10	3	3,7	47,101678759158	15,214918668871
458	609	5300	4695	2460	10	3	3,7	47,1016944707298	15,2149827628704
459	607	5305	4699	2462	10	3	3,7	47,101710201154	15,2150469337959
460	605	5311	4704	2464	10	3	3,7	47,1017259504306	15,2151111816466
460	603	5316	4709	2466	10	3	3,7	47,1017417185591	15,2151755064215
460	601	5321	4714	2467	10	3	3,7	47,1017575055393	15,2152399081194
461	600	5326	4719	2469	10	3	3,7	47,101773311371	15,2153043867392
462	598	5331	4724	2471	10	3	3,7	47,1017891360538	15,2153689422801
462	596	5336	4729	2473	10	3	3,7	47,1018049795875	15,2154335747408
462	594	5341	4734	2474	10	3	3,7	47,1018208419718	15,2154982841203
463	592	5347	4739	2476	10	3	3,7	47,1018367232064	15,2155630704176
464	590	5352	4743	2478	10	3	3,7	47,1018526232911	15,2156279336316
464	588	5357	4748	2480	10	3	3,7	47,1018685422255	15,2156928737613
464	587	5362	4753	2482	10	3	3,7	47,1018844800094	15,2157578908055
465	585	5367	4758	2483	10	3	3,7	47,1019004366426	15,2158229847633
466	583	5372	4763	2485	10	3	3,7	47,1019164121247	15,2158881556336
466	581	5378	4768	2487	10	3	3,7	47,1019324064554	15,2159534034154
466	579	5383	4773	2489	11	3	3,7	47,1019484196346	15,2160187281075
467	577	5388	4778	2490	11	3	3,7	47,1019644516619	15,2160841297089
468	575	5393	4783	2492	11	3	3,7	47,101980502537	15,2161496082186
468	574	5399	4788	2494	11	3	3,7	47,1019965722597	15,2162151636354
468	572	5404	4793	2496	11	3	3,7	47,1020126608297	15,2162807959585
469	570	5409	4798	2498	11	3	3,7	47,1020287682467	15,2163465051866
470	568	5414	4803	2499	11	3	3,7	47,1020448945104	15,2164122913188
470	566	5419	4808	2501	11	3	3,7	47,1020610396206	15,2164781543539
470	564	5425	4813	2503	11	3	3,7	47,102077203577	15,216544094291
471	562	5430	4818	2505	11	3	3,7	47,1020933863793	15,216610111129
472	561	5435	4823	2507	11	3	3,7	47,1021095880272	15,2166762048668
472	559	5441	4828	2508	11	3	3,7	47,1021258085205	15,2167423755034
472	557	5446	4833	2510	11	3	3,7	47,1021420478589	15,2168086230377
473	555	5451	4838	2512	11	3	3,7	47,1021583060421	15,2168749474686
474	553	5456	4843	2514	11	3	3,7	47,1021745830698	15,2169413487951
474	551	5462	4848	2516	11	3	3,7	47,1021908789418	15,2170078270162
474	549	5467	4853	2517	11	3	3,7	47,1022071936577	15,2170743821308
475	548	5472	4858	2519	11	3	3,7	47,1022235272174	15,2171410141379
476	546	5478	4863	2521	11	3	3,7	47,1022398796205	15,2172077230363
476	544	5483	4868	2523	11	3	3,7	47,1022562508668	15,2172745088251
476	542	5488	4873	2525	11	3	3,7	47,1022726409559	15,2173413715031
477	540	5494	4878	2527	11	3	3,7	47,1022890498877	15,2174083110694
478	538	5499	4883	2528	11	3	3,7	47,1023054776617	15,2174753275229
478	536	5504	4888	2530	11	3	3,7	47,1023219242779	15,2175424208625
478	535	5510	4893	2532	11	3	3,7	47,1023383897358	15,2176095910872
479	533	5515	4899	2534	11	3	3,7	47,1023548740352	15,2176768381959
480	531	5520	4904	2536	11	3	3,7	47,1023713771758	15,2177441621876
480	529	5526	4909	2538	11	3	3,7	47,1023878991574	15,2178115630612
480	527	5531	4914	2539	11	3	3,7	47,1024044399797	15,2178790408157
481	525	5537	4919	2541	11	3	3,7	47,1024209996423	15,2179465954499
482	523	5542	4924	2543	11	3	3,7	47,1024375781451	15,218014226963
482	522	5547	4929	2545	11	3	3,7	47,1024541754878	15,2180819353537
482	520	5553	4934	2547	11	3	3,7	47,10247079167	15,2181497206212
483	518	5558	4939	2549	11	3	3,7	47,1024874266915	15,2182175827642
484	516	5564	4945	2550	11	3	3,7	47,1025040805521	15,2182855217818
484	514	5569	4950	2552	11	3	3,7	47,1025207532514	15,2183535376729
484	512	5574	4955	2554	11	3	3,7	47,1025374447891	15,2184216304364
485	511	5580	4960	2556	11	3	3,7	47,1025541551651	15,2184898000714
486	509	5585	4965	2558	11	3	3,7	47,102570884379	15,2185580465767
486	507	5591	4970	2560	11	3	3,7	47,1025876324305	15,2186263699514
486	505	5596	4976	2562	11	3	3,7	47,1026043993195	15,2186947701943
487	503	5602	4981	2563	11	3	3,7	47,1026211850455	15,2187632473044
488	501	5607	4986	2565	11	3	3,7	47,1026379896083	15,2188318012806
488	499	5613	4991	2567	11	3	3,7	47,1026548130077	15,218900432122
488	498	5618	4996	2569	11	3	3,7	47,1026716552434	15,2189691398274
